4.865311651850051
3.5505883825867417
3.103903751891813
2.791274449083088
2.57679673374843
2.3965770114205287
2.2534115412342013
2.125915262109435
2.017997803464373
1.9192569820103107
1.8363667476151797
1.744142235469208
1.6639247680905023
1.6152179726659617
1.5403973783002987
1.4993618094463592
1.4494609800356029
1.4029167666872426
1.357422627492754
1.3199646863728953
1.2919277325749143
1.2282972638922205
1.1985615805776388
1.168883976905839
1.1505969999187282
1.1020543481241156
1.0757282352460218
1.0531993669106254
1.020658262439374
1.0016798227707715
0.9824398143141508
0.9413506584063268
0.9242863787262678
0.8940333156570442
0.878935077805509
0.8523818300222792
0.8213711568732252
0.7987909309708996
0.7956809307466438
0.770563883726785
0.7598957112476007
0.7263271336489395
0.7053637629442377
0.6935627968834915
0.6728733124128029
0.6417556713893215
0.6384977615082951
0.6128701709989292
0.5932245396220608
0.5706478584962867
0.554775269316839
0.5519998920148116
0.5252718342138506
0.5153781837904885
0.48843617945401147
0.4774026505029532
0.4584594620411584
0.441081680802267
0.4243919638746074
0.4052542403880467
0.39882527733408313
0.36681411526541213
0.358571828428362
0.3473296207564472
0.3330319618413062
0.3145651729471648
0.2950640704188901
0.2803601599546638
0.26550733372727947
0.2616280470289655
0.23906264937858082
0.22072375787378373
0.2011797894308689
0.19456438832223288
0.19062292042857548
0.1761973537345812
0.158664777219645
0.1465674332543604
0.13706391917934804
0.1370511972970927
0.12680880332599953
0.12282288706760162
0.1129429860354296
0.11129294652372662
0.10530345586698446
0.0991501930966052
0.09573074947319814
0.09261492193777805
0.0922013900951663
0.088402165028491
0.0853258380884809
0.08147767499121013
0.08196047548530326
0.08069720525922043
0.07893029246121835
0.07623896478160994
0.07535768706184715
0.07353969862354971
0.07290022963209193
0.07121059829905343
0.07130475758886667
0.06905659958958499
0.06793193228796983
0.06829846764344778
0.06685112222139515
0.06587804713721342
0.06584710175437587
0.06459103786805545
0.06496771085046248
0.06435069977951202
0.06431084333547651
0.06416332575955244
0.0632677787323115
0.06331448241480506
0.06370246569230867
0.06333374650652475
0.062187664163138055
0.06332680568702694
0.06323469237192099
0.062445757628630985
1.4505985598815114
0.6621599542467218
0.396946591766257
0.32103993547590154
0.22392049235732933
0.22257789812589945
0.24270475106803993
0.1837867721915245
0.14287192707783297
0.13086935426843793
0.099390291657887
0.1047239487892703
0.10230069038899321
0.09413531726520312
0.08698372395807191
0.08322829900211409
0.07780388301532519
0.07110840944867385
0.07015366773856313
0.058629899628852546
0.07083368379818766
0.0682698625483011
0.05667661419628482
0.056298249352135156
0.0590442850401527
0.06706279976979683
0.0640084924862573
0.06475055511844785
0.0611580990156845
0.0524016070718828
0.06389991576342206
0.05717690225298468
0.052995817784808184
0.057185038336013495
0.05211203653169306
0.055360087830769386
0.051750460100409235
0.054723025348625685
0.054389895577179756
0.054137226439228185
0.053649572949660454
0.05257614937267805
0.05104808028983442
0.05441237162602575
0.053053255241952445
0.05312470562363926
0.05146239864590921
0.050980399754878725
0.048540878256684857
0.04625137914952479
0.05042352233278124
0.051705493150573024
0.048544560926721284
0.04939263431649459
0.04937653493528303
0.05046920360703217
0.05044408848411158
0.04872668568829173
0.049426264178596045
0.051581488407560085
0.05365176685154438
0.045421435840820014
0.04789235286022488
0.04938150834488241
0.048389394277412644
0.049159101651687374
0.04810198533691858
0.05108275338027038
0.04927418140792533
0.050994961620553544
0.052002358544421826
0.04784216932756336
0.05126045747218948
0.05162295012881881
0.0465703971782013
0.0475989350264794
0.04935926272484817
0.04707318463509804
0.04774362532618014
0.04791251628806716
0.04803276248276234
0.04900744704431609
0.04830854288057277
0.04562014667317271
0.04579842423922137
0.04780738354709588
0.045980062801390886
0.048251281100276266
0.04697325511982566
0.04871204377789246
0.04553488056224428
0.04625853028540548
0.04815691993816903
0.04819728899747133
0.04596429808359397
0.04820800548125254
0.049253658538586216
0.04791873811106933
0.04690830855581321
0.04712610985887678
0.046440150196615015
0.045297826346206035
0.050444415819488074
0.04670499081380273
0.04677314615171207
0.04645161379716898
0.04358580924178425
0.04724978552641053
0.04831657592991465
0.04722860127099251
0.04467008821666241
0.047040509060025215
0.04506546876540309
0.046869276875728054
0.044795758875184936
0.047117069118509165
0.0440495646509685
0.047093402153175125
0.044250568056381064
0.046465712452405376
1.2747593482858257
0.6742127655368102
0.46397046274260473
0.4115877567153228
0.30191882189951447
0.26355424327285665
0.2246042004737415
0.22417740935557767
0.1790100987020292
0.14153247012903816
0.12895980447922883
0.11854952740433969
0.10083275636363971
0.09010907306678985
0.08512179666247807
0.08233729389643199
0.07817909307777882
0.06622886390572316
0.06785299489274621
0.06345687323789063
0.06115629793585915
0.05755425271529116
0.06635300932746184
0.05508879606464976
0.058087129464471025
0.061619853380283245
0.05427457044195188
0.05527820251882076
0.05434140313024584
0.055573042457629195
0.05379323669905333
0.0543453673905644
0.058129263870222006
0.049942021454243285
0.04849651850465881
0.04740049839509945
0.04968033647654872
0.049283780966346204
0.04837382192674436
0.05237370893653286
0.05462765763513744
0.0516058119185465
0.05140831214865964
0.04825041767846989
0.049379828569822405
0.0524634254826723
0.04834460010016827
0.051161320144800765
0.049406347342913874
0.04850275829238327
5.043337937059073
3.763170734655147
3.313871758017794
3.029616852819359
2.8155261130542217
2.6332498244170486
2.4765418637135186
2.349723494164996
2.2316158253197385
2.120349652761576
2.0104859826333095
1.9271532927280683
1.8327579750069256
5.038163981467579
3.7710017201295094
3.329683302151372
3.0281738361407973
2.807892311329378
2.6267087067182535
2.4806353581549607
2.3450810604708323
2.22364028335365
2.122212397174028
2.02100052640169
1.9299228067121537
1.8359652222323941
1.7637255818212294
1.673161814999431
1.5964506459553787
1.5128705374032352
1.442780199562868
1.3661282524980347
1.2955385861819066
1.2155717116164564
1.1486125301371173
1.0684160609090216
1.0115393474698067
0.9295042852482825
0.8688739066867619
0.7923551058180653
0.727995364480071
0.6738475988090599
0.613915094107296
0.5498878039349583
0.49769666667175144
0.4454734379945317
0.3981379775161093
0.3475738255114391
0.3130780895617221
0.27736922163738165
0.23902114060908836
0.21366360586218325
0.19231202279956178
0.1752360286745812
0.1589973089066232
0.1470550097244847
0.14280304289933843
0.134415933179164
0.13081610225853407
0.12518274439878319
0.12368166647547839
0.11881786224878974
0.11963439355005852
1.221689257484216
0.369262019602152
0.2561064144739738
0.24682618992832991
0.22712983592198446
0.17916094941588548
0.18382677622139454
1.220986015521563
0.3680727911683229
0.24807846259612304
0.23246836203795213
0.15126845269249037
0.7855153169595834
0.23843881916819196
0.1976178762587634
0.1527335618933042
0.11117159733266542
0.7439179058010513
0.26143485468787114
0.22277878385943337
0.17132310951883728
0.12773671001195908
0.08960987114020295
0.08159409352653735
0.1052927315436505
0.08230427677768308
0.06776256094107756
0.7443203414614136
0.2586408934077701
0.22012511117232814
0.17595475549633438
0.15309365013161222
0.10568838012782303
0.11077367861730021
0.11323352882990965
0.10228739744304
0.10159230327888115
0.7735288268989987
0.35808326138390434
0.2721599719590611
0.30182523015472623
0.20197551879617903
0.1985246115260654
0.19601209039489428
0.16423817401130994
0.2021130577971538
0.12654038692514102
0.7734720064534082
0.3551688336663776
0.28614265190230476
0.2578339603212145
0.2096740249130461
0.13629793955220115
0.1406626160773966
0.12458968783418338
0.09911924430893528
1.0740491569042205
0.5470690533518792
0.35080597549676895
0.274359243363142
0.2522976078093052
0.21634252425283193
1.0676179717226726
0.521663479688691
0.3665745701731705
0.3094223290681839
0.20496151232864798
0.1768728333820657
0.14845248393532706
0.14986909180879593
0.12014414706244701
0.09214887481818838
0.08967041542253844
0.08360059095955477
0.07215310088018091
0.06402032093213099
0.061783517324706404
0.06379647396232296
0.057504535266538946
0.05893845304210738
0.049475839997573594
0.04871148650148293
0.04666317926674354
0.046979777628510466
0.045344165935203795
0.04437936463097974
0.04487605942640363
0.04066326589573447
0.04299864034372859
0.03761742853491408
0.04769699103993977
0.04328875341339082
0.04337697501135308
0.038656040333302284
0.03555477927325339
0.03609540898398292
0.034647099219444324
0.037288459915122606
0.03924409472724286
0.03349980552930657
0.03715883068195203
0.03453474261275515
0.03417288525620612
0.03748330186552754
0.035614167078875186
0.037372060983282766
0.03616090858264304
0.03424284159682873
0.04089628493913063
0.03323707317297415
0.03363330738346388
0.036554540643786514
0.9698023725761457
0.47207089555397463
0.3071054884891831
0.28080955449115025
0.19886018490690863
0.17601314844207816
0.12995664283549518
0.10361665727968296
0.10621550045070353
0.09339637208855554
0.08076968260653568
0.07783497874154134
0.06956066739525688
0.06299737241286575
0.08590100091369299
0.06701426158837054
0.06149927946330791
0.0528867719904258
0.054539804702645606
0.05024272926528467
0.050037594182479585
0.048364984572687175
0.04611412899861677
0.04242652429142193
0.043608842490847864
0.044199065917454074
0.04356836173369476
0.04522835010181317
0.040576889483111625
0.04169905338478222
0.03906092434870393
0.040047371686760626
0.04094251328451413
0.038667502907219896
0.0384008688642905
0.038974837593608695
0.038232568907813076
0.036578868709379035
0.03710885295183974
0.038711697496264505
0.03775772728611914
0.03793814703508207
0.03662146397165201
0.03428467704778474
0.03757562649467688
0.03573124600427874
0.03521794333447064
0.035662473142774924
0.03632365492580647
0.03456027168006207
0.8542542531249229
0.3688352462950717
0.2562578385800458
0.18420315408304835
0.12873971834778786
0.10045353545064337
0.09355845509536481
0.07203269293636419
0.06125386055098491
0.05886543580864587
0.8017508824064274
0.3424085047509935
0.8038478475628477
0.3391294119635014
0.24057172050680778
0.15689821703114895
0.7972589698102739
0.3587983383072747
0.25732131008849
0.17901749954079138
0.12214695161791762
0.10487043073005749
0.09768153281148637
0.0809597380064202
0.055804586658875145
0.05405647033881961
0.7900221030218433
0.3509625116683016
0.24649097356531355
0.21076949524006458
0.16548902944031388
0.17713916060900448
0.13547191227024252
0.09601346538825468
0.09743715474626632
0.12390061853585219
0.08025071483970893
0.07792200226186201
0.07791523631624502
0.09321001933116202
0.07153146831563326
0.06518893264647987
0.05822072332405081
0.05320124941492321
0.052991958391485794
0.06491682483729991
0.0546620251008808
0.04777907416450255
0.06012882205723512
0.7922745357559184
0.34923812099779494
0.23581001192632348
0.19635571565742443
0.16791602109342513
0.1708271825178103
0.1293420001412883
0.0858143563711583
0.0904899247442231
0.10056402926530802
0.06617168974921558
0.060781634055228545
0.051932516366694915
0.06622541350585343
0.04940314378325987
0.051330479275849134
0.04332844696637958
0.04404012424720809
0.05554496606981212
0.041682253309497326
0.6742452348981585
0.2213388415319579
0.1573118363640138
0.10369037206151656
0.056282437260129624
0.06448446650590216
0.052801805827766654
0.04105779700247305
0.03130201951467565
0.027761363690452918
0.018276573478111197
0.016534829944638268
0.014253523227359568
0.015370595954092486
0.012916774202936462
0.01250950310911451
0.011653274171320456
0.011428861559501716
0.01273390064681215
0.011431862832978368
0.017304178912724767
0.016256267184923803
0.013884109790836062
0.014267645570050393
0.013686587382107974
0.011332561900573117
0.013729012983718088
0.016033003173236336
0.014064508017950825
0.010587587147685033
0.012086150742002895
0.010269722236054284
0.012983163000483598
0.0106897071203483
0.009256367698045713
0.009367247125399963
0.009550968683989984
0.01174671537508922
0.009739294222423008
0.009735058427655272
0.5559129568082946
0.3370397791266441
0.25403260652508053
0.24600674722875868
0.18628956712782382
0.17762254843754427
0.14409123254673822
0.15088171817894494
0.13052182950611627
0.09015551534082208
0.10292762093512076
0.06425760678414788
0.0654926126423691
0.05282987847125956
0.04490938148062144
0.04539323200338653
0.03936400545228805
0.037528019877416746
0.03735655583441257
0.03293749356110181
1.1585024012638643
0.6696481110902878
0.46815689964158397
0.39023729523380957
0.2872647149851909
0.24502442823023768
0.19050672070847618
0.15051078710246374
0.12150856257939303
0.10995651817357575
0.07712969180006343
0.05515351646101555
0.044356399776509126
0.037731719299781696
0.02673354109346464
0.022131189284426672
0.019308046815363137
0.02089019842283638
0.020232408862650483
0.01826353938187341
0.9593612792349495
0.5487164476869908
0.3909906946056712
0.3248681318740138
0.2538599767845816
0.2155069903412883
0.1658767611200435
0.1447264696430184
0.1210472238439638
0.08626696952429097
0.07449872444787647
0.05292887429179278
0.04175144393281368
0.032538456290103164
0.02574067825422647
0.022680121394640776
0.02007645817341662
0.016819334617791188
0.017394107958071132
0.017999165330856905
0.8206020732894215
0.34795943517481914
0.2249062725029658
0.16444632124692593
0.12172082726188882
0.08876543893482877
0.07080513374741682
0.055178385130312764
0.040389563888311386
0.03275853713291116
0.02248022169501045
0.01754099495635738
0.01847638723778022
0.01433620161446031
0.012999578917960282
0.011836674615464227
0.012570723624875582
0.013087202325121675
0.011115381278618193
0.011399810818556745
1.2693328112363815
0.7358312167619404
0.5422555304279453
0.44793927414636864
0.3231865975417589
0.2422356067323371
0.25291925178546654
0.21723099302892623
0.13650298831788332
0.14539225085785515
0.10690303769354757
0.09488859637885501
0.10511718218606945
0.05783129123186594
0.06743124792793471
0.038664737262910136
0.0365799182266193
0.0516985772226594
0.050656023239226716
0.03178306452096685
1.2732425320305323
0.6417576623590369
0.45800475050744255
0.40981947414969144
0.30967737244148
0.31587162819740017
0.19562815041526369
0.17581749810396055
0.164523229174512
0.14979195756543623
0.12120780799733966
0.074421260922559
0.0878541957047817
0.07802079056732748
0.06483682622446825
0.04987467604836351
0.060380640170095784
0.04877814524316866
0.06908882101752649
0.05268271985512815
0.6945582497301528
-3.5269300116232705
-6.068139275701657
-9.604663215816233
-13.267197816808347
-15.899846209962172
-16.75604235897921
-20.58805233600725
-22.643827597123448
-26.337227973331338
-27.615221865236546
-30.109009919853822
-32.16697347100519
-34.677253497452924
4.569767338412625
3.3252334619735504
3.0588618116778927
2.9088790495912513
2.7843416995935506
2.704380315083724
2.619588078318776
2.5017961376196856
2.4601291626483413
2.388648470381757
2.283838751849595
2.22179536260925
2.1385472721153205
2.057280877253392
1.987841132637504
1.9007100254505664
1.837832470457037
1.7603714807883843
1.7036746886226681
1.6577097473444637
4.601462738281147
3.3779046631822682
3.073871803203416
2.918151967051856
2.813630821327569
2.6969565289590496
2.6242920898829243
2.541887392901411
2.4536074058776753
2.359448463427097
2.2809049862402455
2.2014875552469633
2.1340814740569503
2.0401797824435763
1.944537847933143
1.8829600333364724
1.7924163590376625
1.7242319126321812
1.6713145517740988
1.6047006106938577
4.5815607088583485
4.547791420008599
3.3396176424893467
3.072872617027976
2.881515048168324
2.800433933935583
2.6830349237429174
2.5947511966782386
2.515472900987876
2.4377842238455107
2.351458586827673
2.2796305422028307
2.1965759021264537
2.1212425195809566
2.0414917814209805
1.956099469653685
1.885994523061245
1.8081318292553576
1.7390273026745728
1.685614577447525
1.6258175375084283
4.841956866710675
4.8170593467224325
3.6143327915307246
3.2558327708581483
3.107923418985874
2.954118686091619
2.8273422156118784
2.7351687468262234
2.6640517575170857
2.5838333974382293
2.4876273633655073
2.3990422174184007
2.31976863992736
2.2411761055089006
2.151900114435138
2.053824694469722
2.0085306906138203
1.923072136211074
1.8558269169194128
1.8045112926149207
1.762335838292183
4.799337354036841
3.551233748004775
3.256331498473391
3.063300009214445
2.9302544102023536
2.823938983895204
2.692147703454046
2.6007531487902398
2.504611851358571
2.4399715484959064
2.3527400674599623
2.2550288722066596
2.1691577414868295
2.104231376459103
2.009703156971695
1.9401565042659394
1.882359772625536
1.8343895060001034
1.7713460096038214
1.7313613144084565
4.530821790002753
3.3134114081316657
3.0085284910579717
2.8602545757104854
2.7622725330170232
2.6458773475275574
2.533664623502851
2.4837751113148805
2.382314439653957
2.33107852503018
2.2363782979474207
2.145792550773117
2.0663162308557594
2.0086053562636423
1.9215876918421326
1.8355756403982837
1.7787593465433655
1.718542474724672
1.6492393319756284
1.6179816720902722
4.537521793503966
3.3191553948342603
3.019639289811893
2.8895129472902505
2.7673399531015077
2.663183844522281
2.55684235347773
2.4843605422344144
2.391369948686153
2.3160433183015376
2.237664024428566
2.159960103900519
2.0730143860228383
2.0132861869169933
1.9184772720431338
1.8199618075153616
1.7683266507516993
1.7183085912131633
1.6493962141546872
1.6091573336730303
4.498035006790665
3.2747064344953785
3.0044588971846173
2.871592108172552
2.7595558068146406
2.643197803607475
2.54520591296772
2.4708879544790037
2.3830092067372286
2.3122905610811593
2.226962955084571
2.147317418564271
2.0677804313477117
2.0073405948802585
1.9078689310023493
1.8161723204571816
1.7530448137730261
1.7052658296654326
1.6389435769701162
1.6033973536475656
2.3095711717446132
2.1691649765034824
2.1335245681704467
2.1100941091139793
2.0871499105481033
2.063679091714002
2.0390666873121783
2.015189848697256
1.987046996744871
1.957496176119942
1.9240188717472144
1.8859933897597136
1.8458525758191582
1.7985903367638942
1.7491742174661185
1.69340446896592
1.6295695520653841
1.561455180241962
1.4928086617702816
1.429619683032628
4.4830198311186455
3.295812391615533
2.991505542358795
2.830343272391852
2.7239315695576853
2.6197928333437286
2.550558150201649
2.4521940594369713
2.3435870289028466
2.300353791806605
2.2304344204339115
2.1190228307401977
2.075254593576704
1.9834081081600932
1.914067252502813
1.8306812016994922
1.749788733852374
1.6859345269667638
1.6435638596485187
1.5911981896920637
4.671561975757797
3.3795613437503964
3.083563514344104
2.920810028330072
2.771851700621766
2.695821032121584
2.5985210131515157
2.5178821377165908
2.4384688897566362
2.3620496272266687
2.2794428069096107
2.206785659124325
2.108803727410056
2.0735949815867785
1.992642065147301
1.928841602492642
1.8383783206537172
1.7876614239308741
1.7502797698819792
1.70846188203855
4.652076201005415
1.2233423765967875
0.48568566231166616
0.27531278177219276
0.19206606947323857
0.19204344162169626
0.15392499504720464
0.13672499402480967
0.19215226020006573
0.11204401622800265
0.13533810372738278
0.09978925918831545
0.08574196060790736
0.07359853244441397
0.10709633239928414
0.04934388421037618
0.039511783267645276
0.046875106170773506
0.034321693046128046
0.03674820240806131
0.04093960245304248
1.2266333418733932
0.5040227700682247
0.3138984783607371
0.20395278886837118
0.1965827630723224
0.1523359014707453
0.13533894213683464
0.22698889179703066
0.07555155215017936
0.14081087335944176
0.07905848105164136
0.0721331565257381
0.053443623049294245
0.08683744040043916
0.041657014366458446
0.0393806290538872
0.041304738863426095
0.02929022809600129
0.0326102624702103
0.03671026953002986
1.227501392364502
0.48940760247847614
0.26406051130855784
0.19706715292790355
0.23309843066860647
0.1936503924867686
0.13663741069681504
0.1975512535256498
0.09756686319323148
0.09202698618173599
0.09577304015264791
0.07635190655641697
0.05621279765139608
0.09255734732484117
0.04228330425479833
0.03816826027982375
0.048336601432632
0.03336607938741937
0.03853275758378646
0.03704493766760125
1.225468287865321
0.47636814787983894
0.29360036241511506
0.25926951318979263
0.17215788271278143
0.15066089605291685
0.12492361494029562
0.15641452729081115
0.17511642584577203
0.09764964987213413
0.07246364164166152
0.056234467308968306
0.04852563367846111
0.05163039771529535
0.05157010676339269
0.04808850632980466
0.06661337381228805
0.032716588505233325
0.09642230125609785
0.06260635533059637
4.470574391958041
3.2945237388977637
3.014262997569182
2.8360952188571296
2.7396599707695155
2.6140826734212728
2.527282402301446
2.449703669700867
2.374623553111003
2.29468348584114
2.207107975696906
2.130633288086989
2.032534208435279
1.970885938176742
1.8706058271420307
1.802319354735888
1.7388487576674192
1.6619625229101915
1.5847697941920695
1.5617036511882758
4.484502576822098
3.2286868405415916
2.9555995010370073
2.8158001261229852
2.6706514354829816
2.5567669362844696
2.486539724810574
2.400543073751609
2.3077306865538607
2.2102549998752843
2.16929637167845
2.071294488921623
1.9963197324298114
1.9086709745897228
1.8229009331933486
1.766449349214418
1.6787614990314095
1.611836918367321
1.5798328581609224
1.5202330223547047
4.626665781156936
3.2944992311967787
3.0305158911105647
2.8546579323316874
2.7283177781769368
2.629060518261818
2.5355663181458463
2.436342091014142
2.353709286211445
2.296072899741654
2.221681708521887
2.1501704875160668
2.0731923546953466
1.9889244867183107
1.9244676208348466
1.8486936494661927
1.784079304420542
1.7099996428740651
1.6552042772895412
1.6480439325604277
1.208660749097665
0.44438742473721504
0.3457322437316179
0.23821675994743904
0.18218160389612117
0.15892743039876223
0.12464674391473334
0.14697151258587837
0.19396427599713206
0.10034986352548003
0.06636957149021327
0.05829084881891807
0.042179130405808486
0.04486680527528127
0.05352252093143761
0.04220348969101906
0.05474672435472409
0.028083742673819263
0.11062016679594915
0.05061158033398291
1.2682949751615524
0.5643558713297049
0.3295815804352363
0.2609060636411111
0.21020626245687404
0.19777598418295383
0.11434804244587819
0.13971000288923582
0.2865603178118666
0.1157435819817086
0.06951254342372219
0.056453468976542354
0.046643974569936596
0.053116827039048076
0.04950659877310196
0.04417404679891964
0.04371270777968069
0.03900330777590474
0.11511511006392539
0.05008503965412577
4.768585189340925
4.727245723542992
3.4118295981108777
3.1558344722525473
2.93858968333964
2.805268437584485
2.6990015912641048
2.5930716241795593
2.5091704192337083
2.4247883415660976
2.3377743864351985
2.284379356843562
2.194971577887155
2.114649789464986
2.047768408535448
1.9525242561211615
1.876418424895936
1.8055807216767152
1.747281244013207
1.7003776635860373
1.6655868141929064
4.665088978281782
3.3882804428872886
3.127787615623942
2.9083965548708397
2.7968037570912414
2.6707420060239686
2.59270443177662
2.4994810139474692
2.416614515284088
2.3302078462817186
2.266592648863061
2.1820073489762524
2.1160362589578687
2.0385443242781003
1.9489126699102437
1.8774398620143258
1.8014268045045116
1.7489674435071418
1.6987686351033076
1.6736087678400284
