0.1297517453175364
0.12115084667052668
0.11492845237615182
0.11704246279887469
0.11075375265261131
0.10211276323498143
0.09488345708833067
0.09999124668988676
0.09187649151240161
0.08548123490359229
0.08397682664575692
0.07811003122094809
0.07650475026199008
0.07204928033334529
0.0694488810114536
0.06732472376639782
0.06377743932073665
0.061360805119336836
0.06333677025939462
0.05563904648062898
0.05580105030063246
0.052099072551798256
0.04887951087794388
0.04941789007745021
0.04844353010900472
0.04307749047187007
0.04320991867537628
0.04123424615329707
0.04067533620247285
0.03867092999208033
0.03748372874759514
0.03710533877902194
0.03641408640830417
0.03569512923434112
0.035374967361500524
0.03306847683060716
0.03352729252830158
0.03175852803861578
0.03120873473960623
0.03146080494750431
0.030071195907355963
0.030180319404996027
0.029750968439487293
0.02957219204004237
0.028843392926455602
0.028788535882187338
0.029115487352760233
0.028576305437258524
0.028415849521046595
0.028213227308714693
0.027589800191729436
0.02734086474479198
0.028686182579394977
0.027552813958765854
