8.62768496992469
6.770745566006636
6.006199432820921
5.51777219688081
5.155481360476071
4.829775292426222
4.588677128098047
4.353426143005382
4.165590300671619
4.0811602745831115
3.9768487708695646
3.9025703491778083
3.8221648002742894
3.738512376450832
3.7142311755179356
3.6586993503451257
3.6831947669582106
3.680383098401502
3.689852196578459
3.7037912367534567
3.728659705167839
3.7413294880125623
3.767610772459642
3.7186013797061346
3.6500862835094217
3.6343887868914497
3.6416279149067465
3.646541979224162
3.599169252943663
3.597438270712296
3.5529043150525204
3.534280100975676
3.5483725447826675
3.523353285471382
3.5501663027386843
3.6117898355703306
3.592072803854742
3.5744128456025055
3.5885205411586285
3.5084489309819893
3.4954357125681086
3.486622111805324
3.476381059896347
3.4557455269351127
3.435341979962887
3.430517459325919
3.399129637464019
3.3703028423117094
3.3629373736148493
3.3596781261096598
3.3805117163403553
3.3627626947554154
3.351558237007451
3.343474173359626
3.3476122716765144
3.3607708809971264
3.3346556890322883
3.3260676685130472
3.318827400614088
3.3507642549553593
3.3483332666715677
3.3457841208963455
3.366155784443363
3.363672512135035
3.332871868227021
3.326427202673791
3.3185693734007815
3.3008224032389877
3.29454021639323
3.2886183608286568
3.28860463807576
3.2849926083108025
3.2773508579524693
3.2804366364178303
3.2772213253889246
3.2758608139901457
3.2742407410721817
3.272905692063942
3.271244756621681
3.271021035769789
3.268269418085021
3.268934461492741
3.264204338096629
3.2614013905098016
3.2610054828517376
3.2623800732679533
3.2606162915108716
3.263552612984318
3.2562160185309916
3.2575470193210987
3.2563748079166412
3.257804658972789
3.2555461778184154
3.2539298256870395
3.2545525957466115
3.249819855582543
3.2529437624060624
3.2486277122834375
3.250341213975588
3.2464215051149896
